70154538
86320361
911851791
320944407
104533796
395654896
761940501
342751899
558368789
57413530
223651751
708121536
815744627
437653751
626037506
637058826
89470487
354363049
57154242
584414132
613211912
157140574
518359752
132335672
29171573
840223961
666349277
555062615
11279993
551555296
851056519
776072265
433766316
815796678
826065392
471501819
351722884
92651559
354968462
190430595
682704374
241802836
737588045
860515185
713566997
837245964
541738386
44650527
729777727
637211874
794835623
775821151
781720053
460035995
605707345
70010177
324625990
971960919
344690075
735611303
840235573
14476507
375666032
609782177
246635958
904058384
411122171
854090514
731221493
718635380
562386782
493472520
75956259
919551135
377027768
806076203
845237270
292840440
770701514
745987780
905077295
383253599
111592462
688139652
649321077
107088471
181162531
58441531
845767832
686006668
140105249
814285785
329514104
566569625
689894796
780013991
202301764
18835068
573686313
582162445
861647591
981280611
361357233
881555373
414996521
321185309
916627146
925553166
98420792
692488621
479435506
241055641
863725076
616407918
868340439
229209972
358420381
942111751
732558906
594232783
703018982
548756883
332468660
881016134
303704362
928823689
671720549
929590038
400967191
884077222
960050186
485608657
126050769
739400118
34726763
605493665
281727911
416032006
233998893
480595214
869497646
539694657
242419732
17448606
202805643
495458359
669513208
38443609
774821482
478216401
24182403
672841817
508946860
483205414
665695264
580948619
361682298
467048495
968290838
486394508
785404884
633782203
702443027
564407978
372613126
740391825
430905609
648096008
614484428
302620489
750031152
910634362
843613729
565343123
531614330
571939572
442528386
693789743
32175727
622039665
308490565
47972615
530688140
240189105
860880770
428128247
532107937
244132013
660511465
910827802
483465404
556281954
799226767
440079456
907695650
183474116
736611031
404298003
209331178
941981851
294000304
347971589
452826511
756790355
965147466
92661709
490909893
812836363
194983232
323335277
923384183
624646878
515815717
16554212
929930687
107580283
93270176
858230784
323073786
239249650
644584166
927622608
195281766
416700132
473568717
217592956
823846829
447286556
969723959
762506609
900432319
142852983
544766044
313701093
425346316
486502504
923819179
118796544
773895515
32851952
356382281
179634579
347539232
847478296
443430082
654076612
471031411
10880397
929244892
249754255
149338727
908736813
406183373
84566837
314815668
8416345
936228391
19360663
591175079
744872578
627284858
464440411
390475758
970097180
176060705
208637244
903175071
25506694
656899774
611467624
245019867
568480219
641259796
529777616
342355757
70263392
538604546
516042099
321689336
247797735
68979947
393074608
372028081
331238807
658296148
206008453
738955565
733958124
949016772
633197670
982002256
356025956
509839164
687228663
759819997
866516331
82361062
824257375
753116980
709225576
410969477
170299749
119069333
624903308
484994695
619556976
877923110
888662730
903530206
784014294
224055883
570605698
831574925
335180722
204205616
889662506
779202948
44684039
776155460
655797690
497306425
935989535
476379107
550145246
235531027
948954121
837914971
197142791
778730580
950688974
327009422
480960464
283300884
195212095
844981625
385572592
844479781
714023829
263005046
299497456
448001734
120366753
529398651
242161137
63908468
318281017
175612621
432267386
354234656
267889944
848137726
952967945
282186756
465597774
642959122
705796810
140833912
219965387
776491293
562193905
372131036
159525509
306515219
188528162
628483423
442652402
623078999
944181385
142908042
350295060
416506724
296181663
904514287
252620298
807120413
592159695
219685637
90491173
850918454
199881279
772958971
402724100
351666778
636604612
443335567
592630180
182278662
409045403
443718875
696808044
413017531
247120563
570017720
584169019
677145992
226941797
429554886
270953370
544744749
874704765
380744916
386871959
276142254
749675470
369891783
371927340
410119795
532525061
38230169
601353194
307533087
277081895
77905122
601544084
348854240
227559427
429457949
381482671
95038514
323054564
413723933
473329753
949573018
960157615
135265997
871421634
670304683
892874411
698314357
106011622
294127698
333014264
134150867
372748805
105478880
102465134
514402213
911009868
117836923
837899327
344604882
919566374
684062595
587727882
476324481
525741471
878983242
130945099
627090602
984971515
272326812
486417341
65714414
88839888
380667124
543452418
961378859
351300212
985979444
477710853
132357742
574917738
480433225
927344940
29625285
53313911
430607669
946803200
497658780
738645339
693119036
103251383
979213020
113017941
329943647
521230649
830075297
818087037
425489776
581949603
297995767
496459463
780190745
840233586
711650283
419392301
563782703
658966011
264008872
763139527
583672776
417952618
41904698
813006462
674843453
811219725
756101902
551865466
927470369
465283715
535524377
642218454
358043090
126295023
489838386
695990819
973441600
467092214
800896145
949880556
131828794
38134608
853058819
846816850
700519581
616324673
691216296
316059682
598520205
378029598
15999899
888990101
920470381
218279075
813542289
100118606
690983361
629078233
53486364
119085954
409605571
417696410
50306688
97641554
588351999
844606884
325901878
497661526
517333409
451797080
288982981
412830406
753892573
481566666
735813855
540319282
180830118
968487425
601795383
750358669
733556039
193811782
893752510
530868826
991625646
577055361
151171377
771366577
926980361
80092103
237542764
566297467
24409861
618769509
509829042
526114466
13417488
86550334
614139612
952046286
509814698
168248039
80597387
351691976
319448581
543220713
827953871
881935465
747750785
402664675
409629605
905055469
811209488
479774988
584064894
723021286
294937271
879700839
714739600
733581513
280621252
545944695
677312181
752727007
1619428
372614642
526134105
646857535
453502135
855291565
631553577
795236911
859860858
588258311
68713375
434096954
105502342
72134372
627999956
296859349
271529520
975655457
389841883
603438403
377894168
767858495
750715045
686482140
655918494
701631051
691042938
178346830
387948116
962159317
346206386
336046457
322778486
842987018
217425906
482461674
103490542
959743453
958277006
741255701
912187367
482379588
859810736
716966343
891420784
44609916
376348984
351082984
496985957
93657844
30489894
122410490
409608919
852396089
733481977
406476056
559934866
720360644
223511769
363582037
95813446
217433129
896933387
359159059
878730276
607760047
59087793
680349044
946721642
542035159
863960846
546752231
138500143
291846793
399008974
304914267
327405717
333697117
495118332
576480018
97604756
498843746
37718913
517079459
85723477
490576460
68503421
822283997
664537985
670712758
786086810
941035200
795109951
328731014
561175146
439297315
861588137
104977838
81422736
425256859
700243713
136694994
328913471
563776837
923699614
137550509
624049743
27795940
510632473
909147163
96636273
315655559
48592819
409013947
614812542
200693612
378711692
225651986
400166229
619768176
514937910
300128136
90690091
897567585
667927306
574743029
727143962
656396784
806281049
156323756
464104059
665164710
98812609
341712577
989900461
569599589
479161476
656214876
41871500
196053662
917905911
341907756
552700054
99221290
451636973
313068838
816069262
776666314
617641241
201736880
233143463
137056986
471376248
673791782
17171509
958082899
611210988
985541436
808869905
923839104
31467905
847468217
737750547
902238370
480631472
986258817
894072986
387326541
573252022
310808429
165776725
551585831
215519908
674947343
990194489
871185496
286784694
193539210
524414957
388548303
753495225
972678673
238251056
270608871
130100938
570868258
98736559
225774365
333790077
576352877
947224202
582526975
953228417
351322767
797090972
54724365
666030379
194200982
105127170
67198989
632807842
634740171
466464766
399404230
11452111
161013779
969936576
228095666
774073040
465429773
17222449
728626135
811962428
179491318
681563179
850170936
942724302
227979641
13095776
662823248
579671351
352485152
962757237
429190409
394965536
694641163
776160947
939674071
139530685
299859943
34933652
114220343
807835025
843241359
82139970
623898145
170512032
967363996
960813821
151754957
817359226
562515117
547664783
291308040
84975675
38535648
277018743
824123865
467303994
340203208
643353102
545383420
918382967
872893965
498616445
859410272
113382177
797877256
496246860
292950862
204610815
548061711
251444310
581888967
785526737
802269982
767155080
438703925
38944125
408885929
707021624
113079674
800945630
282270389
556909925
244251097
537166802
289648316
19575292
699841596
710715938
213995300
61606433
693051127
50333692
878975036
478909180
982281668
907108032
392840655
984893805
189129751
57990895
135126020
509848299
251909736
63375352
352163245
171074073
114551613
740943904
499320778
335572260
978052941
618203655
824719895
146050653
39054075
792438596
365905172
592231841
757398054
152154501
875345300
354435374
732686997
338989007
844119508
913401987
411975384
615588208
527079190
544234362
333295149
733450501
807305251
865289401
107003995
726526188
169314423
819461556
408745477
724880814
868393078
301232109
360238001
510712367
160142044
808722373
558884728
135880283
54944819
545625802
141361364
483545213
555568337
206433851
486643014
190389675
534322968
542820971
911932047
77014534
892363710
355286641
873925825
801093364
689841700
796694495
739557719
210814288
230711254
985035451
765618979
102305646
491790449
626988564
960196839
522758338
462182145
137733282
905335222
487439926
409735277
422131865
268147470
840139096
642378086
48150226
870547184
405236337
481453703
839841023
22960627
633154103
843169337
856860686
563078999
583296121
66428225
965178522
687108707
516445423
270748844
939377063
661105327
40260098
901089384
456835217
709814458
308333874
775860607
769712520
113756413
68466256
402835791
978059108
108569130
465087236
753915434
926207153
297029288
982067975
689514110
385507876
321499306
323377878
205474456
100083164
980116791
973897312
166125861
711504518
91841514
336955993
225235295
21839074
218796495
28106344
143724292
296799399
907573941
221850181
866253619
543987224
162790205
41391547
376661529
485228714
740198448
300590101
989215839
293897674
388866345
707538438
769742460
81425287
340907951
33214346
493993497
502235196
879319238
242703363
12380945
62019990
277539475
795435744
426725195
165509489
935726796
295747668
751228740
192731186
517723529
648089566
298103984
125704682
995713359
398379006
634696895
496714422
33801063
721778801
582936609
467085595
296258923
295654242
421983360
696560669
227064313
327354601
867015592
920326592
935409819
539901808
462092291
8966422
80152783
686767041
638051526
666654406
155667017
73157626
963328588
159842821
974776595
506062661
706000464
51910960
670017791
979947941
172238709
20814462
47842125
86257327
517305029
194298264
239157347
392408695
922136962
11417413
557193455
661476428
143557040
535137575
620054520
672162930
440067485
929204261
218982118
880467601
707562644
403807655
47968129
60538628
282332973
414853818
479847034
969629041
326741779
946723215
733959846
601811317
494638048
162690582
173508597
831325053
852831388
842113267
19504964
252876208
284906853
53874409
922725502
990871879
84062761
536521420
680700162
569777752
270637452
270883081
565834983
127369684
403390402
440833087
573048283
398968658
465013030
756705333
657769383
272825096
21948221
605386427
757675547
597927544
941447622
137801771
484413002
29930583
593581732
342232753
834092858
272919910
898577718
494215654
478224846
359669497
565554960
394156260
769083779
914682649
856325245
519317622
784782376
619907983
886436999
42201060
718813577
299056523
920582443
322615838
848160655
79788701
663993404
403073663
597446758
592317201
808922161
699963198
560266072
817765926
127723184
756675541
317256129
685035471
894259251
135635708
613213823
243649310
922207092
410692895
574522841
296981305
93520948
292233102
65217492
375784338
504434620
694318702
231814873
781135589
559343800
620221627
844394565
661175940
372967631
354578412
735656023
905737119
603093264
704611375
228592019
316323550
475063541
711303061
989164745
560647650
5627930
532687227
839568156
689620247
86028707
284830278
975034873
864034405
728603918
665192435
575375023
92281266
457800021
590347169
599923361
527127401
25523244
223846453
483328180
610448291
506892190
319198971
428917901
868972978
987713590
202354067
566375705
633861784
68653080
691768644
266297539
103308685
690463086
87543845
953972699
553532161
514465706
713207786
516636860
108766776
441057638
255907090
365546591
110976386
633083399
365501576
870032888
478613802
960858296
860231730
564038974
646050594
542894945
305038588
856521357
719258749
606602902
860775671
69656591
750141831
906222304
976073605
477531184
571521055
210559814
180358570
310600965
341241853
933197152
274055084
918399357
655816680
204322430
288010851
136777951
793133960
186727667
261219837
243431380
635614376
685752629
416808082
32670484
978492063
245321644
238625926
967158066
321676443
722615359
871074567
393222293
284280975
71586163
67582332
645928144
957949870
241255906
449098534
169364880
740315331
715364952
490516449
634931337
995098631
716310359
755083488
207284966
474569446
388029491
957342782
228133365
797108499
558913227
300435196
306080427
572002226
530630570
352528701
31246607
119486488
667932319
813774811
611463849
487376350
987345093
414321210
685505762
992397435
247581494
927318535
899446896
571928343
215899539
79154654
412152898
518648121
645345553
246318847
757593464
23166292
582528503
297981608
235193747
350096929
951817853
56223642
943638325
866660006
251784062
829805669
19466471
514349681
418067971
129977480
837740619
505494668
447301925
338052425
109242248
794650917
78383911
548031132
208742318
649478195
574099564
323005871
864262097
463088921
339324066
512685165
802734358
809789940
949448534
670695286
702405382
275744552
985099844
626274486
862971162
321470841
353530821
207320844
222749364
817682565
655097175
799458851
972872994
886278143
904780481
255417504
144847375
71863568
183062692
615944723
560774372
727139911
940829778
519114108
650206167
222717564
2979947
726157227
88257626
89230823
785038341
197930081
113285963
688936096
580794395
694959728
389375898
757033003
905818851
66007919
110919365
403471357
91152584
471400610
812243183
769692834
499066738
473975188
101519067
314632239
17371330
936038054
313937803
807276046
595421428
141164334
665549586
24085788
561511476
337165029
673426705
564172855
543642620
997440097
86275734
134716528
84463245
646420753
883948428
787510809
385367647
964737649
975947621
363837895
94765847
557590538
649647298
219409263
884646752
938437058
885076202
584975388
916269724
456447573
446014289
727186540
671654290
406411
898862706
530378442
258616935
212979109
881264612
650035061
968303460
362024234
746069091
171580123
856414479
486488444
364817873
258240864
781753097
432290239
955745882
867339757
395302851
321846151
52816541
129757822
649938649
536547684
472810347
851696134
73667185
263884901
541964769
73054516
291532265
45797304
185097197
227653724
927853321
681958531
177724730
975876141
371659537
449307880
416256646
541765403
347867206
21495019
73745893
260260144
219444887
455652911
252130174
542461284
732774107
110549805
575365747
738423180
521673712
788001233
272198642
607976412
455014780
749909218
511700459
275047473
452731504
979192779
173862432
689398515
632730899
35791999
847182044
304391408
548782782
446222431
942834560
871759975
913375248
652191234
89859362
532153960
834411417
823645330
188513368
537354297
229814113
80507813
96915260
553888739
113631899
842561751
510924085
662802983
31742704
582303006
238710654
865162415
524021744
565648325
629677041
746945000
789269631
421829731
574015353
976793402
914432547
590242036
497865973
294061182
308897270
539908595
2491305
363058985
980818271
442785933
692000775
260897801
339362553
995208157
702025319
312438021
423614470
297918351
550917752
218071401
62119092
525844583
83695191
665149751
784744017
225844890
255989047
614986042
286645431
208063632
160853132
264884338
580594469
102854121
221999709
524792485
597154747
173306535
703759423
668174646
22175648
376608771
399272016
874780967
584054226
248048731
254292786
569437568
156377004
631680115
149056899
411797936
584780952
610506194
6075727
124169995
731290412
677326436
883648626
51083581
585589087
449984055
482873927
787725833
192621164
163072057
679132679
964641333
93279704
835882948
822145374
107277143
141120086
535368178
988167891
733750896
990054443
228199456
975008228
915859555
67800285
402635706
170827531
623436260
472268642
331596260
741290003
665440304
237990555
989012268
72299663
474096366
643028265
207395454
186672928
159074348
252927730
193337884
42537629
901968463
35853481
632127203
300545090
417411028
325596875
152605679
813020487
664456746
634204845
916098426
387016796
267792304
431101181
563555022
173058140
303506200
823259302
554146199
34519101
295862972
869494294
238250648
242416445
745361701
39634096
873239976
748520100
936558360
759269998
714427619
570632702
953985985
185427871
818690687
767618036
855598920
6394180
257510105
1065646
133110028
53194949
842546583
111187940
164297924
700473763
975820175
213932325
941292959
475202329
888703787
520749999
880979462
916356414
30761323
79397011
457468600
846675914
202033934
371118487
92276276
552926359
793467011
810822041
91112166
323717497
590868848
997012033
435019797
635592188
70214829
773085510
790827130
379050727
417457926
339598356
427875541
204098137
759489668
427065065
364692682
475323790
486377748
14516070
120503169
121177438
150817614
669255994
90369221
702809556
851946640
195922421
247362818
730342497
753874385
217958016
238733957
84584371
596669647
473389696
758621553
805135972
671964812
843287537
258230095
118670718
87670247
133453764
623409807
342967613
219675741
284759368
476847878
679195855
161526420
642852530
243777436
820698034
424741079
282189515
457147078
877479989
925042624
308507514
682497655
614941177
86365177
591161541
555634585
697247493
505434729
140055307
744420329
860678236
845423840
390392770
452287929
738713689
247572821
250899003
302667599
767150177
154601020
619811249
177864411
677120735
832885416
119752781
426600843
441274648
337499384
686570513
989212236
978960168
669105677
293743126
192505030
29340266
959506949
208339946
633236893
35838370
950038019
143764273
349639391
388341654
974286081
800257697
354803696
270885304
294162991
250828363
484187914
727845683
723744323
599906096
226419429
709957816
265752448
190721125
826139301
271692379
364528889
341101933
881480767
387491151
568949290
338024299
774703781
10647130
337142647
446619246
783788938
13127626
507696810
770942901
339916584
901712249
104091691
46732433
276218209
565647157
873579656
566045052
655991482
50496621
430953393
426997460
883918535
647643978
26698593
761771771
558337282
165948181
624408777
27097902
706456576
146443937
569018593
131734905
640652153
142523905
225061222
622014637
489318009
473497428
130988597
704659208
937057375
228000689
33180493
715822671
83869191
543570403
528880599
194015056
430533538
881302568
962467681
926265746
146084489
809219857
189493765
599315431
567736757
188883349
334780012
367409264
716639600
538762971
978492047
318044923
716698566
907191483
277339727
146241226
618920419
11856541
227952298
336227791
594276250
731022245
329439281
829917213
176626883
756551158
765686043
132577901
818206652
252884861
204851828
77606994
457624588
47027823
211353174
962831527
179036704
991225601
25594169
192801271
180274881
639233195
367619859
968381773
916153660
711116363
941325340
75601963
635646104
38524493
107517488
983777372
545336128
672711718
212590233
326288434
667174536
540159731
668643950
720227258
680587668
526102257
424330464
822066448
299261979
878085525
991982005
253044572
857191496
84241847
858338424
139956034
351501784
100553082
331354114
10411972
895781915
983951191
904417594
473536773
105121616
61835789
521076316
161688092
589010297
600097067
240517600
493399154
805527051
889532428
40774489
218460594
40189510
164580741
225877430
748678445
359741444
817147211
300448363
435281219
877850849
480552352
533054631
272629262
87653016
522829025
667286940
61622548
334673140
556111730
601847432
749399976
349043919
218915071
254178192
417572827
835345111
709583765
859490752
728789714
660628978
25679635
172944169
440201229
429595612
821482943
55440337
6816585
192930096
70727289
44353827
148867923
593592883
75978450
530000828
704115632
807926315
227031184
682794505
743485359
959498211
939409468
933957661
71422174
47537992
635655685
485000950
516073778
769457376
656940948
411638828
90768576
57198747
729465334
806184145
474723238
335093222
314041773
106034797
344124612
521517925
788268625
806695902
134359835
830724309
750568790
599705948
110963911
76355991
456572204
573234452
825233558
199209181
261174129
506008811
322931140
830896445
500986065
338123418
720768985
917879438
642277311
905498465
764780797
415916370
385328717
759482173
539314811
682470425
66133529
81731220
394782149
846528042
410590166
510449701
203239615
617930914
344545303
58392288
475083355
88917486
374770128
905319166
110530175
191332009
85048295
107661117
208096706
42826442
967748784
673655265
296292279
380826141
476397846
735241815
930128747
956972840
229479172
233936684
712376726
943723405
920224801
465247867
117133924
767314537
23508953
230383481
25947321
60713578
826960523
990660348
943300835
35257731
446784416
744435802
353083991
223768061
564151448
568673738
962237609
452415127
96401039
920509323
384484988
325844181
850949047
937276145
934290473
280311012
299091544
984776027
617858046
834368344
903180957
775062482
588734836
370477832
417922825
645538069
901221706
756632937
147215001
493169787
956129647
331903550
89832435
881804335
758206060
368819060
286581387
471998364
64364679
637380151
81480815
804746550
531488196
765025774
581232671
777385717
438323676
158358307
587034891
157473385
867845286
265855354
36830654
591555342
952286251
299664267
975460470
967659738
788777308
210531249
959536265
545372105
371582762
784851458
373467695
893978138
92007384
123966557
369891
667415308
15523578
107070229
288717813
904151868
30623813
823504655
700717329
245985165
238138735
724060137
840169678
438383655
27885186
358518609
389378825
980179219
756001862
225214876
994361514
81167266
757614399
998743029
484631843
838417092
337308973
262236325
332095024
673880955
580398030
881515678
30396307
939805024
898671923
142018795
348893685
411746489
283641372
979481824
241634889
429152720
109820029
338499567
77950926
497032413
986350922
539732497
67895914
194793969
896197563
851008766
393160800
553378559
266995919
166365671
100627180
576797298
104080785
493728614
573880251
791613084
619216689
458067712
11151853
400633755
469222886
159530481
179205828
591687120
85948145
476542564
414532460
147804496
646556476
333580918
949812139
603519443
813927103
711136046
497678075
65393664
818213423
312627769
515801843
639942881
619799125
907216809
306380734
288792724
645467967
842310116
761023779
435943155
120667224
658522136
383287565
601878147
853904729
666944414
438235536
542292633
947097178
291180441
966125272
789693510
1049699
317380612
918757395
627620086
593212045
407654253
392702473
882038166
756484785
516105953
481647067
710522204
514429611
914333377
662326244
715497374
709418309
436792168
863057961
249681522
578029904
950120607
396630168
962166270
295508981
789811149
740096418
17833618
489898460
958398308
735791695
295788090
208413472
209420896
96948771
638238067
881957263
397944547
185909137
794154867
479496975
756675204
397608385
91235982
339664416
568193282
928184093
436210849
93096773
924762018
469468820
76532764
67601792
404997700
233807425
617346078
916333222
983735064
692856884
628832696
474284643
914062582
329548078
560808243
939595695
558439880
284904377
293974078
768916575
669710960
910796639
109107850
410653349
246715368
476136166
79033276
515639448
493305627
757367012
897506392
593785452
256897092
175110419
419247395
869958001
307073266
926183122
377372384
402505087
334278158
551610876
906933537
358305815
678149695
445159684
647388135
10142714
386648555
738946205
920912885
542954619
551871893
141927859
538872285
35438603
277605862
929674155
348890231
486926215
689342512
541062861
288202631
393068354
927343535
944153043
429572844
851175188
602786153
968613971
643723913
763804011
865912488
569534564
93720246
179370445
314490124
673287467
250862937
65633510
688222045
192941465
265777864
61708873
716290255
873280637
242423779
965905638
385064203
777785366
310450525
924693923
658092161
232837738
873477370
445709042
812350159
786535060
642827463
450382396
153072791
593772638
125592018
454356419
384542583
614780898
256928094
619361166
798230032
839852366
731950325
682726127
904716339
455750503
715991547
400908369
985545252
73049670
242546923
336641521
512802543
354083221
44108940
444462981
157415395
314159182
107384767
470082074
292034134
180810375
461685875
719219206
322153440
963841707
312960129
782869021
838569039
88655803
978732306
374186983
886093783
607177644
71146777
287765195
833210846
853374121
79441502
310866743
291822792
305675216
182218678
151480783
676701412
523256210
539624305
790379901
812538877
241436658
651386014
474420274
583400874
975797858
162311163
322964458
73948553
829687566
633360635
179147042
409112300
218880121
541907980
389718075
257764622
90283166
194494060
108963473
633453013
249082335
759707255
961912703
845493469
915629068
807646394
803234956
532601134
860054965
673671283
98019046
798770346
299000033
600927618
904138712
516068383
507614681
706059388
45769080
705822522
58134872
643471199
947405029
374574608
125338810
229130377
762544360
374914885
708570808
495897385
921314415
637277165
471336486
522827654
968635588
233266926
573160506
931310183
326266250
916968690
396211468
117218314
347277749
30884067
611701534
752785994
778090371
359238854
654210374
461116821
299279107
698479202
274163163
210570008
142366755
124607177
831122238
237635339
63861370
171591477
575710870
799627328
380861447
946776597
893957663
407749346
323952795
778843017
654639211
785798713
503696409
546628421
174271740
443579559
241309903
119050590
153379577
11110540
796602422
612981744
848816517
732414548
301676245
643175538
817443089
504682855
60077568
454181381
157237850
439064180
263359640
937986773
689880451
571907663
232237620
30916399
759713161
115576302
520354686
709754711
624283301
64596953
303630651
282401409
553866500
162822338
703109340
454495280
200453540
682510979
636866764
282618784
103442771
640251849
449767707
452361677
385499333
764822781
330880026
888981261
855940595
125957940
399058224
381819715
382112211
790167356
251575889
635451303
241070736
89903774
99469725
456380546
758327836
274202759
848261357
114558833
554641349
53234718
993910322
403477023
374791683
662500782
73029971
267050552
18881164
852102757
550585089
974397332
328028231
572606657
67395874
455116093
465456089
44573374
249867283
849128
451552668
593637046
480876351
128212993
122886018
464345518
135749829
765728229
785562491
903984633
691952729
666256524
840902431
203897453
174977025
430616885
193517742
912117577
766706319
542221815
55136544
719748918
889632876
659371997
696417283
725985227
162004494
289105906
102971228
330980783
478064441
141706772
44548976
612585107
671348388
153170628
4691134
288498813
893024892
128417193
119138128
286867165
870008714
664484936
975257717
872956265
542776890
983007253
859879901
118565091
582868743
518321306
622492389
151719723
461249180
525066170
32210435
529698823
790905601
380252831
926603902
86527701
169073063
980487542
197774283
372630589
812425999
378354145
852196657
361672771
909440284
483258507
626449793
3839133
487937258
926975728
573462442
57481537
12456143
841287434
639028705
872543684
90408420
230324432
598384978
175431938
7566102
840187725
322575656
880096994
43416893
455859586
368586308
61876572
951230921
915170025
68466699
757207558
245524069
159596231
131505644
905849290
686980068
892789247
382019392
224897519
101792140
520025504
606372056
658796821
646856336
774835798
717889786
990788693
669543202
595158436
118758081
533341490
461526241
222421377
261455215
536732811
29842984
158521083
272546474
813315668
288006147
989293771
185014067
704875753
161670430
305317466
128493267
698302149
427279348
223756923
921378256
60896508
832338062
760009877
137195298
681443277
200479035
631937116
341508223
228053963
24898176
461822160
632356812
570079614
959283499
199548502
730242558
176441308
322383679
492174812
202526053
203582113
28546085
589808190
795791028
913968943
968280840
597958810
252861658
347119086
386738999
114232219
726573712
861696493
333853954
329396107
949519294
650188812
729341678
402563320
247838738
321172980
520522311
474032940
955588037
169539757
528893983
963657659
181360997
912001120
418839820
512515582
884920951
948794928
49843754
280478482
135268995
279845669
121500297
100995661
749560506
490080060
913691927
359100448
335741769
526532478
60074401
137963278
712494245
436863120
319582710
383838994
975161073
727764551
623873401
198624365
894506620
21994637
156662027
605260816
257096112
222544514
739485050
841320904
978491822
97966659
193824885
421383695
264399799
185156651
920387759
480429290
481707372
780413584
721019953
56778221
770232296
328903138
16453682
615679207
463296983
775409373
862950833
357985296
53451286
858274188
66918545
112225794
382763580
649052025
341563250
735879448
79081789
483473146
107441515
812570178
601650277
102321602
466360128
477966812
664734366
629458569
194870114
429124790
278558841
756040544
34088852
40379700
862824794
343576107
204424835
442388283
440131860
155764307
955695198
34116881
881629632
726005289
829274810
938426765
929970986
94985320
510854189
8613938
669577355
121404349
18182948
257988889
690331186
960653380
963554733
359199480
819655228
30975924
871660435
456675174
110993499
161091548
589082927
473398409
10921447
194064473
189731521
712647207
597825946
552621664
939973029
962956437
18661959
580861719
405364021
27578368
714777915
749199953
68162198
688480820
970165057
240766023
73781506
328368206
431652644
876738491
273373847
251699250
353409461
834918647
222414355
308840214
376404491
618417679
703295106
525741836
638426248
594355272
889767350
913325636
617896798
973574954
155576920
583399896
435390319
182369316
302259709
27751086
288187572
405202872
377868601
382993050
291444665
44530441
139793549
770586245
802810161
525591671
249523506
355165399
159343177
263241381
823602387
757521802
834528039
665487960
160058955
668465907
858846723
632928338
582723544
392080293
465908705
577673550
312710560
747087378
901762640
205510333
937739140
70267
180250465
396523388
160138191
819867093
814970714
176955644
212967011
121628036
961619637
620492724
490996072
435402179
39287134
170642914
980988251
645968191
607575127
730659100
854875187
985588018
470493182
784586901
867698298
4370943
783413419
129809984
357967391
370373975
305550548
693625806
260984016
107617847
917695331
380414052
88030906
169254662
277532434
944064819
464290772
182601876
507949123
916362571
153519211
589380591
735201187
458494054
590836804
568949173
147556039
61285034
411265531
507164447
347290978
63445267
518756932
803323277
167905938
107656742
661251781
239585240
969708725
127264669
768200285
544742431
682465694
579711635
668997358
309738581
893362465
63499026
12958767
719920492
606200663
803018727
368658593
324598278
70754559
759416739
786610533
142490771
691786555
931898254
316416798
771516757
117611280
628398536
944224592
47355435
540025975
353336053
991871473
376120464
336724996
254553971
810866840
540071558
806129116
461901099
938765404
330479972
556482844
316874222
16362026
196839702
471322881
684056473
488261557
306499755
460643419
358317327
737829042
124205278
940263941
333311607
800400298
59345489
784102634
769103549
2418772
796410088
864777631
566427591
5168895
580809372
111614993
928459292
407008996
14827964
810357302
29544905
359523879
48016845
669874648
718205211
70570858
262684792
148001604
909578118
920231388
9160449
788657295
897721157
69540322
899719886
740408876
700016274
324949943
896514188
56559249
736820536
450699398
772079107
984475578
322203277
776118927
895458613
490264765
770525052
85356590
47406980
882116456
623187118
249456468
348543129
338682082
970660011
824486831
91544863
716766235
189595291
404797028
261988035
323635573
978775576
585686087
73198272
581690666
201775701
542276677
258889905
730385208
475239514
148249804
730145249
798200733
480577511
899855005
843312165
180573107
874438367
179837981
784103400
58344719
856488143
575150981
149326596
445401385
381499674
840637487
687367905
368151563
268056262
862722841
800386807
146630616
115533831
846278575
765911963
574443749
560961549
342502514
954601308
378400394
570615975
620128135
736913872
886196483
467287878
359429239
168571828
198797563
447030436
254718133
458441083
765599435
850407131
309344146
660957613
363896663
232080951
362088413
789009089
742437792
277991850
581201613
518192216
324259133
941009491
357504988
33961182
990215307
56802933
784880721
959641520
431979839
652614930
724054683
665833480
221121644
853779604
853633427
271593170
963106864
570522008
453668771
274218537
559781126
790731529
771734776
761867132
705277658
853930669
565069705
908820214
366173291
527890560
889402568
728197533
907091257
433925043
957568523
787410948
393191420
123546407
573505846
837587249
609038295
597601877
776101495
860471798
13465557
330589769
238590149
973584022
992311266
692161662
497337142
950571688
397321892
427985833
774722160
961458781
338430604
370026290
369019765
198696787
749307924
691857596
274806383
391572485
665466275
364147575
595085681
542521965
987116871
220003070
399225256
787172352
562618397
317209936
382358470
327348818
470433427
33791754
41819454
665985134
861442683
852096520
44632941
758777687
750923797
147387668
698756519
210964955
922509064
860508987
921491749
915205272
667382599
246140553
393569092
778037968
470149632
812514372
420650380
844203662
734524695
592809945
834559896
858419194
557546569
480505446
858896884
822974130
535635415
97298074
299359914
379348647
316530497
846717097
636364284
600524869
751117846
16361980
161740525
680876354
135102887
561867776
727608136
809995296
141453576
976520303
254455163
698043623
444872201
188055842
820695893
374809665
166857271
658330895
761461751
804609587
204660265
896278787
468235201
980316264
604587953
462803800
806414090
803386384
892899014
366270756
753086374
349399544
885535858
447585125
365117676
767557586
774236874
753355010
460545613
605798986
295793823
85170847
683913493
160013942
759061381
957270861
96814350
292849618
723151045
626523708
279767770
384596606
836445091
477534921
963756714
567191812
765721821
676547329
895776323
842849972
953290358
51306885
407424084
815510859
445221863
5019441
902118183
301980951
262291816
780293577
53712386
905878995
128128974
608183979
35148020
517727129
776921648
144344825
193638175
864170717
401661872
445927633
635086512
654420739
105840335
892956126
707773222
404219830
80229215
391488187
415347082
101265945
11917660
13414879
847426536
530306025
285161853
197060555
340483414
909686935
789844412
805046371
798646540
483919365
893231428
519131990
651628750
564480875
367104214
14309223
412916496
287032379
114352076
44405530
481986240
691509588
391691655
835935361
161950186
466513086
671847222
29093107
839821563
36925071
230284696
553791916
883564751
403743413
190379535
88939005
958750835
407227756
582251186
208657009
698480986
358932750
555581536
743435016
565684775
11917746
115093590
206550878
51792382
435790163
604688784
823462178
643922196
182722745
587699254
201661221
990246307
884701625
769784566
213734833
941385659
705547616
429258492
139523091
81102175
487245720
788111448
989158813
25107246
907922032
484770091
840213944
528897097
234759338
642434473
514739252
214050000
905689340
307588890
424980551
693595320
418814143
852380283
536347156
501723433
882710045
178504384
209150175
113886273
264959023
467005136
712419690
215893409
852552496
606158655
756586304
801667114
872099129
791261723
135959976
813068753
125302716
709646339
775051939
576935275
991055142
944944943
253028133
688568343
464672434
502430784
246529550
152785971
657122456
961971625
189940495
807274850
381378742
634020642
728389245
22561212
870966457
178604843
834193335
60203057
240758307
835947894
814735201
979595106
144716278
686416160
981965153
243270555
191441220
175043595
992217890
928783829
321130044
968285946
602747730
685050602
894459912
209058462
149961913
270654264
587588018
361503406
478005084
871069331
704741374
160364819
907744622
84603722
815682526
700625829
932824080
628663878
403527365
823337411
640749381
532601457
201545082
193544184
133041058
875093353
694545296
60196073
833257759
471020312
547954684
819715367
37368936
366285276
379489927
938857573
301909942
352749446
580563383
627822122
700140861
567066478
146124666
652867940
497929023
927099875
968217117
50247582
18425022
584732888
983360805
836421040
132657522
354343740
200180724
502791606
704292802
255830303
138256002
265134161
271298701
364723665
629063704
791260767
762254689
5833387
170529917
436712558
788847943
962220802
585759566
47592431
5988366
261705611
262468435
612934051
652655824
810944201
917162224
354669256
994709715
310810945
844527100
144031523
663014638
698128944
937529347
612145964
521932423
341249330
747007259
699205776
701558999
152990105
962826278
140510348
895753497
701124195
416227883
406290269
370178416
63589927
872529152
739209674
852670692
497716998
758953890
820839368
157761469
892990771
829904992
733139990
885921778
445717817
428549232
162232257
732127743
491519234
668016937
524255503
416714920
441293897
833232222
370714851
758788896
973421983
542339239
814068848
677123363
554313587
226285393
796904869
163287502
698403814
192208884
884604920
583614354
690071394
313481641
538051408
263553274
984231446
981696174
215643207
53788300
426141059
656111708
810921912
592684405
937418278
302919123
397601116
298692395
741272944
280367356
797704854
811307985
862699179
548901651
306375616
23471937
141016717
779148008
518861173
528318581
807228352
653488106
424400388
410004056
73044732
407734738
840730046
421510344
714680128
758893850
470891315
286443379
118391903
229473642
635483414
412574512
308736343
585249031
857918956
207329768
394383491
292456648
272768572
693865708
430054693
837856498
55904361
210085383
701921764
19263203
909297861
782613212
963430766
8216768
393821574
595501717
376120720
739873175
755304234
790665932
994835521
696186423
720582275
979690414
47225527
925463978
336449621
18865470
421819256
277744998
224224383
163162662
465502313
845420363
71974278
790219951
969145406
594809836
310065353
576058015
669174338
312328703
130962702
615966924
156232374
519015430
740220215
348171725
861312851
481818721
668024977
950498486
596355456
617225558
160609855
646059664
270474055
296590734
776612352
982751284
300459325
91276298
461789727
218214772
494112947
412641546
393180512
189748260
829808278
411755433
992950253
690751499
779144230
108555135
314384782
573294627
219721063
360625279
514998487
791566161
280902475
498790965
768521494
483485254
928576134
586997237
205504697
866200565
602102982
782706985
148972872
842054366
368454855
879550047
392841783
770452834
805649179
297943499
418351899
209798833
179617305
144630543
35449153
702579896
265127414
185834982
680724132
924881712
275243999
183513240
939866687
778464395
975810714
972652166
537276597
204093300
749904831
934410573
730361929
751553965
990481397
281785173
532841145
283899823
806716663
788044296
668145243
557790444
68930715
184791248
172653249
662690102
872793634
735532151
611228426
714394526
36798228
700845581
841918879
527284309
638239387
651911374
28354752
13020022
467991164
564488449
405561159
11332627
81934390
648264428
387063675
869061834
655871825
231191088
97502918
281778181
899658638
734237635
83723749
460004135
426937527
316976491
962545450
605158534
509164605
107706223
598311819
631844211
797524621
305200299
835927637
793511337
687432109
127014932
331815090
517811272
449647902
79996729
167805589
598424810
474722023
237178367
325680580
172310679
158655756
46773448
710859222
882319103
19797471
663620196
154198955
53706910
925045571
361815412
6578503
96607328
68885975
257931562
6936071
220732013
224047805
886182816
598981965
387223746
306812219
607503107
362751927
984839953
685797022
996086650
681622418
644096878
27216613
832292091
537783856
725716408
585202577
904838843
201471813
852643177
788053990
469232268
717633757
651420850
266982882
419674098
183219883
655386331
516277611
716427423
27428702
190691453
888248870
905283939
420748783
809157917
312161889
851694720
899704159
41831219
663595113
994028047
440372543
810013165
789902114
421551557
124935930
808337863
898346882
111079343
176691500
100371246
379414676
27643446
296863338
857698068
81876947
294614327
180613119
238208567
337479827
155637212
666761765
733106597
355253243
191322744
591645913
468480241
161633152
901727179
343031254
165029655
552007582
450593847
367225826
171360260
262213860
210290233
334771967
58735693
158818771
537793036
770028995
784898600
228634016
305451802
636359038
460492370
499649948
51135716
110737445
71827181
270008738
476227881
2019940
994232378
940132413
28732170
144928084
223959588
856244598
705252617
172469246
985420523
743843661
315007635
846052218
305304735
274696148
75807829
819385174
362235807
263430524
720232794
815604614
466607995
378196720
636279474
489764978
337791512
235170101
574573660
220903033
610115669
232489878
141870087
852182319
107784173
315680171
758754629
905706585
886205128
924503144
523633121
881352141
96080021
163161620
704518746
670263777
715496577
603685152
864392403
52868263
875810609
565793045
160588666
951350475
652413623
226068954
991565307
638059819
724940404
140249467
522516603
480371056
882859947
967689730
680425750
594434515
418807173
86435194
918702313
996448696
910216731
819933597
815350752
93048829
218197837
496551824
943740048
838526565
53885139
173485058
151933063
447481535
898336872
133702414
346784278
390268220
762848646
116526393
357918408
739537025
722068798
491053249
699645252
157784945
188704715
510666755
379568569
986511942
912836982
149382879
992427659
766860390
996247316
993086756
320734238
451871135
460592350
187293590
714117208
360103319
937119368
285450392
323643298
157642802
855287772
300521206
100166855
983645259
417470523
826425085
233604637
686807555
764446962
80057483
225991628
454465323
345927975
301456756
161213130
934567121
761524113
461857903
635903275
30002244
158248875
588298108
81025093
893590038
814266822
659652336
932184090
568580686
422331365
588164807
136979715
36876522
684950064
257223994
48069682
576343701
24950983
272069078
953434296
813833703
35655324
724983875
257504901
177721834
883844553
69982917
893904710
350280768
694026457
525597717
219701588
146100762
866556741
432180744
443857288
469761246
785385042
456531774
414923480
287449120
558993268
422535162
493747420
359911870
493673134
890791538
18263647
841067115
587124029
374529351
215068739
225242456
18893002
410084997
22491390
897327340
344261163
30721373
647298846
642546871
272084312
602990704
552161710
757032349
574616951
815621597
47332375
822135184
960886565
648749327
340739601
373222851
893301753
220801805
352468542
558418170
273438919
745582394
912138463
55025778
129291270
587905877
540330393
16726247
655532035
72895453
696233004
692998111
386607403
905881423
129299394
569213827
546353278
191313154
31341586
503686610
413621293
442964045
186821359
105328462
720304139
567965717
527555720
758437866
696194473
852700332
715264720
678896430
554634484
695779081
394908004
16235066
171512142
56483110
950575423
863687265
108624520
836786852
5851636
178521676
614801240
353568733
664662904
826392050
146936336
498306843
896251834
16805366
248321916
277578353
267600759
891483113
747823393
558672467
448100662
320048986
431170881
3465708
222693404
828139807
83902328
494507226
635536774
585963591
12870614
839790441
143557453
60867151
958243615
777490821
43690623
548764128
168639977
927251779
120269060
800086336
975726048
734708283
968355812
296519329
696347697
536691214
987952989
29664583
67751932
59856767
445914579
74161449
457769631
257311616
976378183
786739464
639005971
583158968
594121716
922859244
709497161
939546248
172426096
701509046
908191790
407178181
587158921
511214355
775408574
394903833
373847814
872684766
37716029
385106659
933323745
410595713
467018201
171977127
600995086
308234608
175477
870422070
296945287
298128917
895202980
856030661
764877368
259323564
447611980
246719940
842161168
180671050
586065379
876233604
453007835
142871297
567630436
164693921
184447294
670391722
76972085
610087045
829934944
618802729
148567994
349328866
988728262
899354019
551292774
260551316
199009741
636893054
409512954
197102643
194475008
143842717
788707800
308340349
586129008
52578170
546644377
672199070
114151267
765300368
716120500
461501680
779836220
272084563
528246839
831688836
688656001
661444214
764313898
59684444
993237093
33793380
761279737
27073608
541919566
185715136
785012198
761892613
72775106
729022860
776999381
776643383
927819001
878015438
31678128
921722941
328986924
756317579
49450497
241117856
192965219
406535397
768948727
240784047
520121313
192051232
199928085
169433636
697467054
29918289
155423168
922852617
907534734
170240083
31353757
898065606
41058263
2524611
216467580
972650927
175034527
953228466
290284843
507073335
938720197
741201679
51959819
189498249
549100938
923693731
345347702
931075654
825141595
297026796
337953486
674317172
812097327
567713341
276796300
142738738
774819148
326563732
735989097
367875389
930386712
597759909
713563875
528547023
291855387
213018488
7613232
567732574
766805537
47141383
742923833
729849981
200955711
102045785
396695820
399117407
198847786
711900080
904609202
812430220
209542643
340138150
10058363
775042740
732854196
26171031
733501383
836391386
246637769
16939327
55982234
375242279
688270713
988512491
658983515
94628728
911219106
445863748
87143826
300462777
448944729
428834175
128844709
628212758
371159425
414779602
272860066
250265841
565607501
439436322
992774745
558556701
740136513
425402944
572928887
942430353
79061688
413355363
697764811
56527371
579588683
75485247
275108139
386087223
633327597
782776527
674080339
325906885
261804756
306621643
701093088
233931214
587237574
321481768
921421081
651529952
29861418
664796431
126019861
694880336
543865171
85974727
406625778
923338071
318345307
818374281
880375446
509265356
100942110
981777644
422635298
716528169
619019731
392386740
148095622
624932949
315694500
360371645
929185477
898416091
582369520
799074832
112904587
551219895
469500820
97906866
715856281
245468076
819086705
572808369
990195050
181183159
808010804
528412332
249129378
420450439
704979047
152993089
10464605
879162780
800312201
699892085
555376272
288915465
100273137
75066751
803151430
477297066
665574680
121258024
113316691
974188083
302705539
300201452
403582638
22064295
40369871
986140313
254949693
429900902
876235162
317145284
343783594
707978090
460854521
194032145
133685906
524432058
931565369
668589013
83226821
626603647
227790144
186543625
607102556
846440589
96019011
539129722
688644206
52619116
934134768
24926900
379860166
691257855
684423792
853080201
440297135
894312033
515099551
983555805
350927201
367309052
927353943
446092313
292046944
578594794
584313134
158902663
523062135
59717420
12230991
714833535
413744999
605800278
660877718
92102181
978431897
898169805
687889860
88674041
630976262
687498919
647530501
816470059
775345434
955359845
803623342
946862890
353785758
410985113
511534749
240275876
256682144
246915115
770972577
350986798
817992898
122185211
922816628
998996229
728644599
649042528
121060974
702628366
480903188
316661989
388140819
131033658
885245298
148297663
587720436
29691920
764247058
845062775
57719026
940180372
139758657
201165925
250434639
582281569
141285457
776171112
224547443
403236094
400249381
667398892
699044989
417554047
881194079
737880708
730774327
607450920
228388075
320613822
462944368
414771362
583048086
943599236
27064138
836402052
555325630
20824830
440262652
701291424
772831487
844675051
897572810
914821258
152517561
933448204
507862401
688537927
841565355
637951722
548329750
666526814
826905342
748279449
901718303
600620695
89741612
969281136
859320135
884074875
205723765
308616393
813338860
735906817
501070034
230769868
871515789
491162309
626693185
168921224
85449740
479508628
670890186
778718252
118608883
6169685
770520957
963704316
435081009
340098507
740369606
26568509
813284229
719471992
847647655
522781912
48049703
374273829
307534236
885797959
130931369
372483086
93760688
928490128
768180527
119347671
208196596
89435681
162816264
451298237
8947254
239588211
962105220
750665599
389711334
447261158
920346487
537805706
453415318
323457587
305449680
878980089
261707554
828591220
425728648
567889648
240226249
605159775
590156948
105288850
895526889
865218987
379280048
972328514
895996878
512901106
600313075
593439537
978831728
695649746
278836849
953866887
826583123
210836625
183252169
107721426
881479124
49726074
919167138
206119965
431240897
347908119
352674369
195662421
638827680
364133489
287790765
422516022
386746436
885692237
559756470
818669791
792693362
438895905
995498109
553564017
247865870
13350768
58308379
493937917
523080347
233427139
692623818
224277059
733184247
545237955
995746475
199475626
710765735
533139801
476441710
216983215
180395942
417626937
399113660
232031657
200134764
180891541
577840159
673434263
306333102
130411575
154388051
112279446
774115015
114552639
482106348
966603148
311015314
91311958
475878204
855650277
814972675
553473442
656334827
414031791
445084097
448274161
746238196
534136498
323630997
518026769
938951124
279639952
944179279
648330286
12402440
101424733
382520514
125875535
394904960
623195696
69430247
60552956
189552922
711248411
672159337
651403481
174755536
297831365
739346762
308064808
738623913
116624853
418781857
975465136
526177609
121603057
81452760
519011385
673462581
798647681
228448355
644286493
672907537
897209277
124334144
487716721
634470842
637162346
314733636
591781111
671999007
885946177
137324494
162247629
858250311
95893588
990392350
670837362
192921766
140750905
322303881
457646461
90038490
704313036
846979485
102336702
992184011
40426
474831724
598868210
72721241
703159699
707019969
324515328
20143815
779761597
914624329
167129478
883653697
138976218
795245320
682408305
702329914
623475591
733313452
208999644
978773645
169977930
838638250
869280141
969569265
660653831
937147053
964961220
171649833
728566282
557439937
975948708
984794239
337945037
597720428
113488751
94502061
719788431
983552706
248335945
383019980
969226699
405536657
580689407
724313607
178875528
771821922
694712896
13899314
956082080
887660802
218009019
458510580
797972580
480005573
668690732
851694306
325427482
728621590
613738287
904959351
619263547
593007524
198202768
134223612
626734745
526638191
455678525
115551433
372226831
588714293
490975785
494517563
231376130
267711091
519574423
25239800
31046289
123816414
991131182
52637944
21340631
519251932
303374725
160880532
264491760
290867341
695719269
243726519
945751741
645042278
857976741
167259999
682302923
881717326
944927974
792181180
911025357
429520338
744793723
483680379
694106151
834358730
297464411
355373077
180147611
548535381
128040839
703911386
619924839
898652233
418176585
245304777
263697129
350521527
511175638
263288862
620049096
365899195
299694163
470780810
299539704
452062875
602279044
572424947
161131951
363558316
161844347
763854311
546867190
316597736
332506896
199982465
101406754
779851367
381793481
362042610
757812510
894698815
47559916
4231168
977543204
647487770
569901485
959811527
550293298
446772951
161794395
627995659
60791028
84605086
330544948
399745787
36471673
6023134
398474760
783012838
953620867
204582353
404395301
473881802
682367847
343730057
606690066
581032632
140628961
574802967
647860179
306586325
543442403
635753053
631310394
656282400
415043513
772007479
116050400
62759504
803123019
674989053
231928233
444647626
162523634
327210994
458274281
41576062
374966497
230308337
811089143
671328778
64827610
497854035
227959147
962777499
387988783
780072717
249661117
44809702
893568926
294721235
200761129
997096768
285647722
670943848
872020606
730297502
331947958
978346243
167584581
34424710
729576708
18176029
175945882
367182433
14622425
656849544
357552330
984281079
49295719
271868792
518811810
586674718
972553119
206804136
938282464
596135252
788578706
929617221
719902749
238873963
226139255
418855665
22711761
340985506
688382580
456146699
500025337
209423664
194592966
481122065
779532555
146306761
767152445
97510022
218699866
396412565
164879374
527757838
586899908
909411982
156748176
483555582
635260941
540677883
952937735
58323810
167644918
901479249
382176844
844623405
755518489
188428253
257036915
721422983
563258615
714249835
41085869
899075133
2715300
235246779
900096516
257580017
172367085
246105095
430132526
201605846
217273191
265984400
623178550
476900939
384631283
216664154
812172983
170217723
369888547
357494002
105898641
309098804
891097145
387087383
726486046
733896276
209405210
610501423
588868302
339975201
263751279
248180955
55521215
464745818
456547899
892259323
73942011
517775678
801886705
327989857
433301378
973139063
81910499
721788030
595204432
439595721
649661977
341892158
833789512
132415969
795388794
747098890
975412509
453067566
439118162
100151604
694759699
364727775
983133432
790964756
848726795
52680587
905010614
1760432
105633918
993294208
225359981
116669667
801973467
98726824
997235455
454809465
7005701
298228522
351569367
118673893
495592689
30148333
887298709
669611385
230596573
306381752
405049067
305868155
174500140
173324499
320326480
656063814
476274818
320999512
838911479
489612515
521056604
757356354
197928241
608312503
455058323
480506010
439760161
942355797
538299557
715461926
181435240
783061437
425863062
691341240
835422788
235929126
613387171
641649403
764038130
923533057
696666296
727916046
474598651
867436867
170480503
108218083
170662926
223044970
638458722
495240240
970328636
993764903
434958036
500025863
773514087
70540009
491545603
562302194
846574394
531155394
789063540
235516319
339796321
829590639
622147481
687627856
80395484
461915794
409302550
38579372
253344905
780823205
50934481
450625174
87628133
974113638
964411891
90053585
605265255
926744969
810445714
444770955
109572981
277684443
897247466
385593161
136162354
588850821
548155724
141107157
382493631
1049100
758578123
42510140
453024579
569193148
169127206
717388996
195940874
822255394
129220156
570303294
238410812
691675408
293199902
590724731
106685276
856812476
536304510
441283544
88992604
74304151
363826952
770505276
668667758
363814571
701511965
928630255
340960562
361021865
203951756
890176298
855653789
916303859
112481678
295064127
71362542
95125099
100555261
945245442
766908744
777752009
73410053
35007207
526865097
903074294
869918255
799520697
946967401
584579350
136173482
398695412
433114345
129142628
519417420
906663948
126527973
615496877
451433454
698681507
211978078
107532165
693004160
792871641
134644958
847211037
946127558
159273129
452545568
490609424
729241162
173885713
801536690
170454783
297205883
507887916
192616938
52317974
81711416
850629299
307317132
366176061
751292250
696162946
641822178
499824769
927552015
80656107
400553244
655627686
615542569
53923693
148155922
890114816
329723529
201773588
487643809
396576640
838578842
191231920
813544255
169502170
236912489
455403500
421135609
527644353
857597523
73164760
437037218
765723584
667830771
279408123
79369847
579854797
249859527
22053139
643709521
282076016
502481144
470118047
228594909
784321072
890139366
238614322
446598899
263665350
340127742
128170174
40735800
944389482
626750995
512446575
769968780
853064843
626946911
574017329
433211540
415399126
305220769
714751167
40654551
213334153
397639994
286706750
439606710
773589259
277578557
519064266
12202320
775071732
299415358
831631505
61965800
298837775
546279891
106591496
256077747
364610577
263616296
882836337
770290311
340526687
16428965
8128548
171938916
401770890
71732638
761487521
797073568
605081078
865508377
165810221
435093149
105081523
396598251
71859749
473665834
416128634
447383556
553570300
716892511
356091636
231584307
560965530
650478897
85168498
526054524
67903674
231271686
490954339
127358612
732421962
108598867
684216359
76287221
911623305
727497636
95594616
297457842
888961682
246975584
580922644
720838981
669355037
350205782
10516000
617328572
40521797
299806804
590454880
717510255
363287830
690152530
834546935
923443878
890103674
546501100
218009670
162778922
741159982
490085727
934633792
45582449
385247109
865352272
831987434
674746311
376125688
954479370
478559766
339217157
356580228
195940652
161783925
850498428
652566135
542516565
363343208
169953042
782020079
829000525
261529391
610572529
981286690
939523328
913254929
728182632
557016991
936722963
686204005
820077399
248246736
878473992
480439137
498862065
373152787
53340905
576628995
187504678
150703223
426973514
124744412
951896576
749490212
1887773
487647202
791858995
646342018
242099149
44610068
721417427
796065806
310641209
549407438
698628250
148246077
307318162
262663903
333039943
564323017
401008083
583020898
689847249
503909729
247514544
564854221
285873526
981108434
452900639
868834033
781281713
821695103
42231689
674247925
853454917
440051737
799820292
486083827
11662531
978895523
548852894
737975669
995427811
352533126
870578820
784780938
292792325
326615630
980438961
202732558
539894909
238096494
806146935
958743725
980501065
745605842
813764341
796870909
827267928
814021219
946246067
120595347
781389132
209430417
203044300
276670372
723719843
6641042
75504586
556411218
355646185
43246842
312220072
35412000
952775270
24181581
65665212
905082935
626360239
266893229
717801811
110991206
190600160
755799765
253034561
332844018
454835100
754654978
533703103
918338191
579106205
486411501
947705891
748272449
806634580
97363186
322485905
635572236
79622517
338845378
119096825
786400857
860434435
121789276
340198926
468655493
713534964
220278714
847865066
881429245
426524996
663312509
247275034
860225992
884618996
960216876
794655198
290503958
811036723
368320360
837679859
258498997
101584066
925477910
915549409
461402122
380981360
420456110
224039885
256135059
181886159
386801408
533957306
718530593
697520171
369351674
30912174
217994167
537502134
370736252
928346761
275343886
357135283
115773339
774569793
953186034
714601093
247655490
285706785
10638694
372922618
404176649
379988001
16594301
470949378
545392778
975131524
371336874
428521455
412021194
332331183
800003224
312287918
887881686
306907120
109175172
380019877
779316467
46506394
584802785
418715574
288676696
777025170
908781812
376217431
124051214
144762031
533498165
925157767
963475301
174734625
459545689
256067485
434787010
771357146
276321011
49993251
216096163
969318479
55138929
756574330
840183149
804988575
856280211
341569619
109746181
110603155
475788642
63599697
828162536
660611336
221703949
439453420
942924471
378630013
716333122
986401170
741408301
686076
50377314
307753597
664749987
390494301
240362288
789344584
938528068
779539417
238555925
924704875
393093020
537206400
128583456
527547026
523931097
150872764
758801616
189766991
61148959
926963050
587462839
672725806
898246770
26756063
936665175
667757682
52431463
502394067
694382009
482586546
548501146
257351938
963808475
985481570
866587631
549170777
204059426
216149563
154581858
663479390
159067472
40057322
94974135
961395699
177329401
908342536
48614495
28487508
519719670
29823495
457760228
914709424
224078208
562428363
477894384
754298505
297044757
293748544
311501005
313744759
549384546
30586056
648525752
658902365
179468978
333681731
712637686
602589014
892025910
322500683
805845964
635649899
114723630
718867398
365445419
283063817
364480248
442743979
714350112
791073026
54796044
487954910
123011517
760575245
934640361
433365440
478726772
978223986
53273172
993330842
795890594
407260832
566019220
673919838
631153622
459557585
409749203
283851912
207361797
88412149
325816598
702109996
591336708
311547231
362922668
327820951
375108931
364146962
685938476
704888040
53565878
157310484
156642518
355480568
122985455
280624357
1698031
280853491
718994585
535774132
324722348
623716946
365488114
369338962
426588067
650587363
482783740
417708834
674507128
341973462
493251665
168709439
347281640
947147345
865974931
956867116
897438683
468141812
259740982
160720719
473838166
891585360
723720140
548094632
308626562
327100487
246753016
351267050
548067590
913143170
324114666
215294926
131928784
926782405
191842606
758605861
406907965
672772706
749441063
365648742
702155600
197245547
50834349
630086458
188608712
371783660
729206618
337059050
57972538
804889872
866025230
847217777
633753435
966624517
548278458
421755894
215024997
166253752
427108054
445548033
938582027
381282527
975150326
261111369
980891199
603296823
531393090
467636540
284309591
614966696
434264693
182303343
727465343
668968995
825856652
894155794
628055041
41867603
9359663
774274191
852179308
574156875
583371294
587638140
175104278
88927020
606163917
241986295
948569374
497221335
853001481
805565408
755653226
333986999
854351543
50170352
562013260
36291268
996788373
694713981
608609791
705832909
845281917
752216842
798397036
91002465
830374968
559243694
23399505
79970059
483454387
320025587
957100816
518404235
562943216
822667775
11724810
250883425
251987915
766248482
581845325
243014773
59037606
36083454
516421482
266268697
58921885
371104226
543185175
18194439
237802785
797675557
428510754
477739522
168998280
907787915
341567977
317402649
114194293
399342401
95383782
22565774
645979604
47683053
869057354
428381735
414156030
160225024
829761574
550132879
976507547
983989496
969758153
290113414
123219319
516454331
99405413
877664423
522929261
959730400
377810165
851557749
839997491
296658509
433939585
729980131
309401905
467903323
150275977
351358504
733186295
957922294
433114745
970392211
47099685
866997560
517360351
353734177
719819266
243593832
899847041
440581291
814248945
472051974
521034321
888072105
819767280
511867658
271275262
375045647
29481233
66910329
242198079
546320046
909956459
758238409
483308530
516312988
12659921
362522902
29356540
369826660
817816075
377225675
390351735
273578687
188891685
411930956
329862116
750191460
736772015
625757404
75099932
764255267
564392026
656602878
953697335
288916878
701783451
994865498
125978012
227388498
449283900
206214113
959721400
162232769
585738897
959723258
931629006
843843445
428854205
972423600
803256599
121324268
189076809
418580672
369124192
634621403
533116496
43352271
765276931
464356482
443641562
415349166
299307186
694129662
938283502
648543657
86521673
974491044
942447729
352837674
332967628
748136327
617115038
53257279
324799330
505995847
891315401
198910237
352593249
741429449
492827499
547390371
605190427
793455429
237484730
23868529
88618605
598703000
364027611
924936192
836297611
24382928
734965824
794722284
6452415
286614089
168253958
195900276
431614450
532758611
262603366
99849535
606443833
472812910
313337568
251537896
114093683
911941611
19980815
644012686
243871749
694426571
352451926
743286071
42502806
145611045
908163201
518214517
598136697
501606091
940967539
193991331
183704454
4915136
313070911
572681425
268356818
805874252
339015111
302551114
119340180
905614331
39123064
553684692
112967781
995406467
84008010
359605280
270875520
886073909
208267332
477657836
181818432
263668923
628027698
477876495
164927497
99392693
882305902
824684725
660498713
763208895
241156766
458460449
970920209
510859509
356185868
402828932
345836505
449918361
850863289
494361191
922546740
468727065
228599300
776007644
124351234
788420850
578541018
728394347
627796437
529875577
826503187
770855740
27177540
50236531
19328981
852586896
143832178
215965735
660061421
925616374
116103482
27359963
987790580
368791598
128251602
890167873
65457000
247847926
385638898
198228365
336106210
346508050
511396400
355764570
265558479
4789016
376092568
556017696
898602584
239765
908610162
403440657
386605873
139865868
930071478
787742262
409097952
76245684
883159798
109984014
530956703
541297554
873287965
183682752
300408192
79448773
484668707
31349434
364329526
364009367
953205789
600958013
394605960
350651677
71757095
384997315
39382605
865472913
210804917
951877856
691939536
792697718
992190066
471447848
719826195
905432124
284328664
587930718
58908185
539746070
687366379
683254519
241997969
949331620
282213452
929385184
193634527
494662086
85322595
97735350
249438382
250526558
800522826
577253787
250795732
274315139
793249075
657437057
577860039
441970353
328613988
187566793
596621588
541322868
516881427
158709069
297709703
940041887
150560510
716754256
559452519
435733570
828929543
233943979
742092383
124340741
360326458
57874123
548045622
481463475
269661214
967552193
18340313
718100247
548800983
506096953
138156254
369945549
170446837
154060923
931455658
373086428
683169155
457556407
774346037
556483549
375249
766726485
466971764
628713634
365810509
844236596
30086942
429804377
721373983
586795098
396751429
545252627
119074785
241794257
103017928
470550238
480764224
875220578
794576516
992383747
852627372
318440847
654541947
560371510
310028265
770669203
987604289
323142804
327950889
595626665
737291728
712819177
795474040
381149089
836845289
630114096
697455308
270413278
899012990
626674764
281939995
310420604
407406865
257552015
477772622
934235701
586477708
543210871
248953068
40609195
760068296
588483187
667623423
248979369
418278915
297404730
445930154
222839666
322089126
941521488
445372567
173564638
185310063
911260930
112194779
508041283
710267062
756113831
221093353
296456068
63356564
946183080
733232923
86166534
234179648
409481062
681283444
346681393
567110468
463407769
860733557
895730489
708916330
517737269
107590794
310717839
974218640
703899541
330873912
40038709
688999483
553429714
802153263
110674016
477800091
175312071
547028013
728420798
771318878
919353125
51107742
83225272
870977133
191881890
708184828
367582150
185438453
854143056
993823958
679360651
890763005
554948400
86425723
205122386
54662923
595898888
614883114
914634364
783863302
484163787
57742061
509001083
469843300
946903248
79375601
810026890
472041653
782090859
187071459
692543232
242445400
72919995
668329438
789096381
419207806
634009636
529819207
354970303
466198286
730669498
376413071
683422411
363602356
218900951
62573976
690799250
330587309
385139502
522644652
841871927
83390394
957913113
406675401
928317278
9370535
878897377
435581933
3931855
5543981
721508806
886679351
521331050
440517498
518342847
97490067
542866384
40540072
365856143
850241524
314308943
669491447
726649717
842229007
333413430
301284369
986921564
88676725
200050932
196522646
809554376
751062292
517880181
872452140
380844010
582671037
983083198
181052105
311992198
281333504
840092008
591823953
729889330
721547171
78283030
331268766
479757324
858405305
43366220
920010453
151262598
537555455
624715025
738269715
801409766
936932241
12952341
222711517
314828522
955903380
741210030
365477896
638896751
89436686
395313949
78083462
896630981
801035378
356258651
688754317
269672564
26445653
11341389
295577015
35531604
41470622
33134860
1710736
47977092
726224296
583725072
233486650
593407977
748870676
458068451
784034131
262861304
484403495
955957927
811577449
382128465
839405230
430083737
908844701
663017681
969153659
601307942
338760342
385697348
889118211
40427956
772057888
710946647
811131221
556504451
342663347
896611079
610819184
721379927
741749907
472944207
422032529
8856277
809304796
820446986
838524326
913194455
71842066
183066079
942818420
687673174
853644841
5462495
313115007
788085478
47284261
979195087
592458259
156997073
221669412
208096401
189321022
762762620
234642076
184632799
400834595
84688863
463964863
248916602
724655805
841049714
995892983
308584059
380850603
603649930
122632849
657908972
561110089
725868882
571049969
376916531
60686608
77419742
14111136
320120164
519700471
164947
149712040
304327201
147156189
76829064
451497110
735293567
497169261
489123668
476750237
950053010
996148833
766108034
799149856
457532109
41338992
280124594
707025404
666752270
114841453
89449913
161888097
862472030
612764822
813290464
125912488
167624523
712124448
481640007
214260229
423664542
474065118
389957806
861217937
227071205
585556207
363316832
190630326
462274272
608745798
143809975
165169592
369905656
981203580
604088344
995552137
301668551
510559587
831015840
113733957
891546445
246328334
581301578
68845404
562839798
577669782
929767821
848268185
12136459
248409533
951880182
479542561
33230051
552521944
667323026
901231977
885423985
567454615
110628171
488906422
344446417
486499085
633836344
361482680
942939248
658118726
275848301
803587593
674831445
870530668
671953890
327665879
459762095
511205732
958145122
146882718
54817291
176403670
934065754
787818308
449534574
162703578
163944484
265199559
156875215
50041531
948560296
123083698
674818328
743279528
114984938
88087567
325166247
320554922
556656513
408604688
641487073
618539590
43374439
456273235
112270216
152442904
290397157
789544937
794751546
754530890
407405545
526759655
993653857
869041642
295948641
194824079
833277142
283277371
711328015
974697282
593848335
667043510
385913973
898898510
213020514
704984507
953913590
880122369
932447562
287027831
441895907
359814241
458300835
695235967
966006269
479135176
720334579
990572777
563469069
316505165
658452938
567422606
265345555
655291991
811931677
64782197
932171815
918918825
33691260
72646432
729758218
329116959
456712372
48954299
634624080
589880397
204043144
528753692
938597522
141070781
31444143
581131640
819124065
754567676
848967028
454877098
25279275
596145454
301371343
516847531
619153923
683571983
161740419
974191997
349650053
874603815
140302754
861830019
117288421
583425102
756464535
426231350
295857226
676375404
629269566
531109442
835743763
91785054
423858003
814608518
435536642
172653246
595434650
522373084
29207659
137084278
866494752
430636144
380307078
285340491
136847575
915660018
927085397
533754720
960830843
410361967
726838173
215724539
397048383
726295402
166881787
945168933
697017761
605642122
318145009
829820621
484409764
246321523
200987158
226289423
682985458
126391489
29699322
390272142
952519001
938363165
469391262
104248808
431746292
942244937
830786924
683302190
92777077
250166935
203368704
945809585
118216714
631315211
582181286
33582110
450174222
478605672
474690794
232793289
409741722
198780236
177752077
621555842
922006838
387885226
487374636
960134122
285641078
516409255
903647916
62165353
125913253
781271484
624762979
308829872
975001285
967397840
453628051
779629343
427812723
888725942
371486737
721654462
998971759
583980349
282228970
882637847
706503295
637499784
972214216
86979645
326514079
893001329
486895718
616579042
70868900
944599784
313525537
31090184
377276444
132073169
922636221
473984559
661917223
518083170
54312257
828585609
48241605
638572837
397843464
150765582
207034636
305514177
719527582
877387017
56980001
485980242
856326839
90855680
951526193
546482534
980132673
923801700
346856529
689662294
227569706
427161205
683922625
32214263
357753715
475855004
892960663
705794396
385060696
631905078
536881729
746988260
625355479
532331473
177177614
304326288
859668738
483225422
528536451
372549756
149741217
100974984
199794938
461517177
710484638
767794711
634074501
895476745
339972705
938033097
84870067
810813168
980262518
241621058
396220213
116844118
233143866
273435882
242776135
125374505
922221179
806893992
842002284
547671755
419753894
419820553
895694801
962024927
118446857
644878597
291825387
36344160
254351782
274213897
37887279
638597813
292651294
41721239
313079064
592531642
326065659
10663187
993220633
648714842
790556359
300401490
682516794
528535571
709535939
49948025
817634093
493362382
941487234
966746773
311730878
130873546
803862006
14948407
155023140
917642387
667082612
712670277
248540462
674109333
791884179
70976236
730845550
40404253
51610838
857053638
931881855
768956704
358606050
877106854
932746772
743901980
434046923
881633256
47411087
179348942
34413037
934472513
244564171
998858170
219106909
327965693
445460905
979640620
574981966
264507435
412121791
144661480
503905498
13605035
832474498
565270751
148632058
856147740
521824425
131147677
171609424
500331015
731045407
962297693
133144930
312062210
158493574
693079256
904971511
168871407
942111100
436361602
227332841
116613490
253674421
492538718
4567823
614969217
435438587
609551345
207608999
868740994
175601723
957799740
542309467
577086373
762049697
433763701
640168759
718241464
95895331
606760572
355059900
601280058
622924269
488945288
182059007
642435956
26713526
960809993
558428591
486513240
248301627
334471612
937533482
788910328
174610440
40904575
41053579
245955219
574454115
285558157
841429745
470872739
518901624
472161194
84884671
481197149
522261752
780091046
195457482
984828656
714936264
88374535
587894399
245738334
268261684
621028788
761394517
94018384
464076801
929560283
78514636
531956087
708027838
2868055
600981375
464105286
352313516
513815427
475376384
788683068
970423333
877688768
899515571
786093161
828945165
195335281
969840632
109364779
529544122
689516305
982851231
574735438
566684695
4551659
604547198
323195123
526328332
163481958
530793508
770604493
159965645
106592203
530543560
927119294
570040475
923506417
198522731
408856270
348908278
254453288
555970152
971814592
692073438
476449558
852951331
465846817
130248389
841496152
251926463
587313469
566617264
575254736
345989684
176256682
635736504
399192416
807799802
666511494
155837330
573643990
295780329
692291087
378680266
891810172
250474428
558696637
145516305
640984247
873596102
450930443
297554275
270989881
317253366
653173472
973857072
192103739
556976808
628301934
462727340
905867404
494632317
521792649
953614152
372189120
563809328
816988747
315587052
438380393
898821151
538139616
239382612
543096511
19641103
955329097
290281622
844278129
360094090
904907967
338969666
779451695
567134793
737574569
191556575
671941868
620352226
342481333
827075755
877526845
288938913
565205938
765006088
486589748
201946003
795870372
846765342
569482042
328307395
434183557
538132776
934554770
980212092
90505230
840297300
538149355
694428601
328797391
282354947
732966069
909618514
469831993
373711462
400473711
907897799
973051578
343169985
155071884
63057354
604218580
401766510
638541992
123107713
219836775
96612017
909614733
318162106
